Afghanistan	31.209547169811312 54.422000000000054 18.600000000000065 1803.9870000000053 597.0290000000015 615.7515723270441 12695.911949685535 9.0 3591.8899371069183 1761.5283018867924 9.590000000000025 64.83000000000031 0.49799999999999967
Albania	143.27896396396395 104.8709999999994 38.0 11803.43099999996 304.1950000000023 435.4174174174174 3327.165165165165 2.171171171171171 846.5525525525526 825.9399399399399 10.079999999999956 78.56999999999977 0.7849999999999975
Algeria	33.972227272727274 17.347999999999963 29.100000000000183 13913.839000000029 278.3640000000011 703.1636363636363 14328.148484848485 11.0 4056.2454545454543 1994.1848484848485 6.7300000000000155 76.88000000000012 0.7539999999999966
Angola	6.0482852564102565 23.890000000000125 16.800000000000097 5819.4950000000445 276.04499999999865 507.87179487179486 10700.84935897436 7.0 3022.0384615384614 1474.2628205128206 3.940000000000031 61.149999999999984 0.5809999999999983
Argentina	337.5935555555557 16.176999999999968 31.899999999999803 18933.906999999916 191.03199999999936 1293.2685185185185 17775.25925925926 18.5 4974.388888888889 2995.7438271604938 5.5 76.66999999999945 0.8249999999999951
Australia	19.79944970414202 3.201999999999999 37.89999999999978 44648.710000000385 107.79100000000008 375.49704142011836 8282.57100591716 4.0 2326.1923076923076 1125.2662721893491 5.069999999999988 83.43999999999956 0.9389999999999998
Austria	206.75434441087612 106.7490000000001 44.39999999999976 45436.68600000026 145.1829999999996 407.80060422960725 4610.80664652568 3.3504531722054383 1231.9939577039274 888.4803625377643 6.3499999999999615 81.5400000000006 0.9079999999999973
Azerbaijan	80.16413414634147 119.30900000000051 32.3999999999998 15847.419000000044 559.8120000000032 334.6128048780488 4482.932926829269 2.1097560975609757 1207.496951219512 786.7835365853658 7.109999999999976 73.0 0.7570000000000036
Bahamas	187.26920000000027 39.49699999999989 34.299999999999955 27717.847000000056 235.9539999999992 464.6333333333333 2904.6866666666665 3.15 715.5166666666667 830.75 13.170000000000048 73.91999999999959 0.806999999999995
Bahrain	105.56017405063284 1935.9070000000058 32.39999999999981 43290.70500000006 151.68899999999908 414.3607594936709 2939.9525316455697 2.170886075949367 735.5601265822785 769.8575949367089 16.52000000000008 77.29000000000057 0.8460000000000022
Bangladesh	23.515219745222936 1265.036000000004 27.5 3523.9840000000218 298.00299999999817 2865.296178343949 54072.4076433121 53.51910828025478 15441.614649681529 7716.5573248407645 8.380000000000065 72.59000000000012 0.6080000000000023
Barbados	25.831941747572934 664.4629999999976 39.79999999999984 16978.067999999974 170.05000000000078 -75.0 -15.53074433656958 -4.0 -50.0 -68.0 13.570000000000062 79.18999999999969 0.8000000000000044
Belarus	79.40415654952079 46.858000000000146 40.299999999999834 17167.96700000009 443.1289999999999 311.7635782747604 4197.370607028754 1.9712460063897763 1127.9073482428114 736.9392971246007 5.1800000000000095 74.79000000000056 0.8079999999999982
Belgium	943.8070152439028 375.56399999999877 41.799999999999784 42658.57599999985 114.89800000000045 1166.8902439024391 9277.149390243903 13.810975609756097 2474.920731707317 2193.4481707317073 4.2899999999999805 81.63000000000018 0.9159999999999974
Belize	157.02118644067798 16.42600000000002 25.0 7824.3619999999955 176.9570000000004 274.5762711864407 1887.5694915254237 0.6271186440677966 449.93220338983053 515.3898305084746 17.10999999999997 74.62 0.7079999999999986
Benin	3.3893310104529593 99.11000000000037 18.8000000000001 2064.235999999994 235.84799999999944 135.89895470383274 3878.4320557491287 0.0 1065.4285714285713 491.9756097560976 0.990000000000004 61.77000000000032 0.5149999999999987
Bhutan	2.296 21.18799999999999 28.600000000000012 8708.597000000002 217.0659999999999 -67.0 143.83333333333334 -4.0 -4.0 -45.0 9.75 71.77999999999999 0.612
Bolivia	424.8161465798049 10.202000000000078 25.39999999999986 6885.828999999965 204.29899999999944 890.0358306188925 7814.241042345277 10.11400651465798 2091.501628664495 1735.2964169381107 6.890000000000039 71.50999999999974 0.693000000000004
Bosnia+AF8-and+AF8-Herzegovina	390.5828136645962 68.49599999999953 42.5 11713.895000000015 329.6349999999984 609.7484472049689 4352.357142857143 5.385093167701863 1117.9875776397516 1121.692546583851 10.079999999999957 77.40000000000033 0.7680000000000006
Botswana	10.410469841269837 4.044000000000009 25.80000000000013 15807.373999999916 237.3720000000015 -38.50476190476191 664.3079365079365 -4.0 144.52380952380952 29.05079365079365 4.809999999999965 69.59000000000012 0.717000000000005
Brazil	482.2674 25.039999999999967 33.5 14103.452000000014 177.96100000000095 4592.2730158730155 74515.45714285714 81.51746031746032 21174.577777777777 11427.784126984126 8.10999999999999 75.88000000000008 0.7589999999999937
Brunei	6.828189710610917 81.34700000000045 32.399999999999814 71809.25099999968 201.2850000000016 -73.0 34.0032154340836 -4.0 -36.0 -61.0 12.789999999999969 75.86000000000033 0.8530000000000033
Bulgaria	269.115370030581 65.18000000000022 44.70000000000025 18563.307000000026 424.6879999999975 437.56880733944956 4285.262996941896 3.229357798165138 1130.5045871559632 900.7584097859327 5.8099999999999605 75.04999999999956 0.8129999999999947
Burkina+AF8-Faso	3.846987767584106 70.15100000000038 17.600000000000062 1703.1020000000065 269.04799999999955 293.1406727828746 6765.688073394495 3.0 1892.2721712538225 908.085626911315 2.419999999999989 61.58000000000027 0.4230000000000011
Burundi	1.099069767441864 423.0620000000023 17.5 702.2250000000037 293.0679999999994 132.1029900332226 3802.873754152824 0.0 1043.6843853820599 480.72757475083057 6.04999999999997 61.58000000000014 0.41700000000000137
Cameroon	13.495659375000034 50.88500000000019 18.800000000000107 3364.925999999984 244.66099999999884 394.3625 8616.715625 5.0 2424.61875 1173.565625 7.200000000000008 59.290000000000475 0.556000000000002
Canada	244.9906437125749 4.037000000000019 41.399999999999764 44017.59100000001 105.59899999999944 1535.1047904191616 17340.311377245507 21.48502994011976 4798.45508982036 3264.7874251497005 7.369999999999939 82.43000000000023 0.9259999999999934
Cape+AF8-Verde	90.63802272727266 135.58000000000104 25.699999999999875 6222.554000000003 182.21899999999906 328.9025974025974 2215.1233766233768 1.3084415584415585 535.9253246753246 607.5551948051948 2.4199999999999906 72.97999999999965 0.6539999999999981
Central+AF8-African+AF8-Republic	12.109653225806413 7.479000000000029 18.300000000000086 661.24 435.7269999999992 5.508064516129032 1477.7540322580646 -3.0 378.15725806451616 146.55241935483872 6.099999999999982 53.2800000000002 0.3670000000000006
Chad	6.043435714285703 11.833000000000055 16.699999999999914 1768.152999999994 280.9950000000002 213.38571428571427 5296.567857142857 1.0 1471.0928571428572 695.7107142857143 6.099999999999973 54.23999999999982 0.4039999999999994
Chile	479.66337741935513 24.282000000000103 35.39999999999979 22767.036999999822 127.99299999999991 1099.625806451613 10669.012903225806 13.129032258064516 2900.4064516129033 2213.732258064516 8.460000000000027 80.18000000000023 0.8429999999999964
China	3.874170798898074 147.6739999999995 38.70000000000023 15308.712000000021 261.89900000000085 25672.70523415978 473447.6997245179 503.3636363636364 135510.66391184574 68070.7217630854 9.739999999999913 76.90999999999987 0.7520000000000042
Colombia	394.81833436532474 44.22299999999996 32.20000000000005 13254.949000000019 124.2400000000002 1547.1486068111456 20483.306501547988 22.520123839009287 5724.300309597524 3517.637770897833 7.440000000000042 77.29000000000057 0.7470000000000067
Congo	13.088935897435878 15.405000000000037 19.0 4881.405999999975 344.09399999999823 17.33974358974359 1706.4807692307693 -3.0 442.7019230769231 178.95192307692307 7.2000000000000135 64.56999999999978 0.6059999999999969
Costa+AF8-Rica	147.66997444089458 96.0790000000006 33.60000000000019 15524.995000000084 137.9730000000002 483.52076677316296 4100.460063897764 3.2779552715654954 1066.3194888178914 943.7699680511182 8.780000000000033 80.27999999999979 0.7940000000000043
Cote+AF8-d'Ivoire	4.520452531645565 76.39900000000026 18.699999999999893 3601.006000000026 303.74000000000126 390.9398734177215 8568.341772151898 5.0 2408.4335443037976 1166.0791139240507 2.41999999999999 57.780000000000136 0.49199999999999966
Croatia	244.2534104938271 73.72599999999976 44.0 22669.797000000053 253.7820000000008 337.8487654320988 3090.0185185185187 1.5833333333333333 794.391975308642 685.2932098765432 5.58999999999997 78.49000000000045 0.8309999999999966
Cyprus	50.07457812500003 127.65699999999943 37.299999999999855 32415.13199999999 141.17100000000008 72.71875 915.68125 -2.171875 198.671875 188.034375 9.239999999999938 80.97999999999965 0.8690000000000021
Czechia	331.05612422360247 137.17599999999962 43.29999999999978 32605.906000000054 227.4850000000005 503.444099378882 5519.108695652174 4.217391304347826 1483.975155279503 1077.608695652174 6.819999999999991 79.38000000000014 0.888000000000001
Democratic+AF8-Republic+AF8-of+AF8-Congo	3.771015723270441 35.879000000000175 17.0 808.1330000000014 318.94899999999785 1523.9779874213837 29356.88679245283 27.0 8362.364779874213 4160.75786163522 6.099999999999966 60.68000000000021 0.45699999999999674
Denmark	128.64075454545454 136.5199999999994 42.29999999999978 46682.51500000019 114.76699999999985 334.1515151515151 3464.9848484848485 2.1363636363636362 906.2060606060606 709.5787878787879 6.4100000000000295 80.9000000000004 0.928999999999997
Djibouti	50.32606976744187 41.28499999999988 25.399999999999867 2705.405999999989 258.0369999999981 -63.0 214.93687707641195 -4.0 16.0 -35.0 6.04999999999997 67.11000000000028 0.4759999999999992
Dominican+AF8-Republic	130.14002857142864 222.87300000000013 27.60000000000016 14600.860999999988 266.6530000000004 708.5238095238095 6648.412698412699 6.904761904761905 1780.990476190476 1419.968253968254 8.199999999999987 74.08000000000048 0.7359999999999963
Ecuador	431.17494321766543 66.93899999999982 28.10000000000017 10581.936000000074 140.44799999999933 1154.3312302839117 10623.470031545741 14.20820189274448 2876.044164037855 2278.542586750789 5.5499999999999705 77.0099999999996 0.7520000000000034
Egypt	42.65589123867071 97.99899999999982 25.300000000000107 10550.205999999913 525.4320000000006 1750.4078549848944 33544.6163141994 31.0 9566.356495468279 4766.546827794562 17.31000000000008 71.99000000000036 0.6959999999999984
El+AF8-Salvador	97.49921999999998 307.8110000000012 27.60000000000015 7292.458000000048 167.29499999999882 483.23333333333335 4424.93 3.95 1163.2766666666666 968.79 8.869999999999935 73.31999999999978 0.6740000000000044
Eritrea	2.282428571428573 44.30400000000003 19.299999999999986 1510.459000000001 311.1100000000001 -17.428571428571427 1058.3095238095239 -3.0 256.92857142857144 86.19047619047619 6.050000000000004 66.32000000000001 0.44
Estonia	80.15331974921635 31.033000000000023 42.700000000000216 29481.252000000157 255.56900000000172 120.11598746081505 1275.1630094043887 -1.6489028213166144 296.9028213166144 274.435736677116 4.019999999999986 78.74000000000044 0.8710000000000019
Eswatini	94.95521283783786 79.49199999999962 21.5 7738.975000000043 333.43600000000123 111.79054054054055 1191.7533783783783 -1.7195945945945945 273.4695945945946 258.0506756756757 3.94000000000003 60.190000000000055 0.5879999999999963
Ethiopia	8.82229449838188 104.95699999999938 19.800000000000107 1729.9270000000115 182.6339999999987 1976.4271844660195 37712.31715210356 35.48543689320388 10759.501618122977 5366.090614886732 7.469999999999999 66.59999999999991 0.4629999999999969
Fiji	3.0691451612903182 49.56199999999992 28.600000000000037 8702.975000000022 412.8200000000008 -65.0 185.01612903225808 -4.0 7.489247311827957 -39.47849462365591 14.489999999999952 67.44000000000005 0.7410000000000008
Finland	62.4976719242902 18.136000000000102 42.79999999999979 40585.72100000024 153.50699999999966 18.170347003154575 1712.98738170347 -3.0 445.58990536277605 180.00315457413248 5.759999999999993 81.90999999999988 0.919999999999997
France	501.89238810198293 122.57800000000078 42.0 38605.67100000008 86.06000000000051 2053.3796033994336 26577.84135977337 30.8328611898017 7430.960339943343 4613.113314447592 4.769999999999985 82.65999999999987 0.9010000000000058
Gabon	19.829313479623853 7.858999999999961 23.100000000000126 16562.412999999993 259.9669999999998 -41.50156739811912 622.141065830721 -4.0 132.99373040752351 23.0282131661442 7.200000000000009 66.47000000000004 0.7019999999999984
Gambia	27.627798107255547 207.5659999999993 17.5 1561.7669999999955 331.4299999999975 -37.51419558359621 684.4195583596214 -4.0 150.55520504731862 32.034700315457414 1.9100000000000044 62.04999999999963 0.4599999999999985
Georgia	163.54797096774195 65.0319999999996 38.700000000000145 9745.078999999949 496.2179999999966 318.5709677419355 2959.7903225806454 1.3548387096774193 758.6387096774193 651.3677419354839 7.1099999999999675 73.77000000000035 0.780000000000001
Germany	167.65740718562878 237.01600000000178 46.60000000000025 45229.24499999969 156.13900000000072 1736.8443113772455 29159.16766467066 29.221556886227546 8266.889221556887 4411.790419161676 8.309999999999956 81.33000000000065 0.9360000000000004
Ghana	7.52452515723271 126.71899999999972 21.100000000000104 4227.629999999979 298.2449999999994 474.6635220125786 10108.311320754718 6.0 2852.4748427672957 1389.2264150943397 4.970000000000022 64.06999999999978 0.5920000000000034
Greece	111.35317737003064 83.47899999999959 45.29999999999975 24574.382000000158 175.69499999999977 361.08256880733944 4688.149847094801 2.3944954128440368 1263.8134556574923 835.7522935779816 4.549999999999973 82.2400000000005 0.8700000000000031
Guatemala	130.8048695652174 157.83400000000066 22.899999999999874 7423.808 155.8980000000006 843.0031055900621 9017.282608695652 10.012422360248447 2458.5062111801244 1767.4037267080746 10.179999999999952 74.29999999999957 0.6500000000000037
Guinea	5.026126279863477 51.75499999999968 19.0 1998.92599999999 336.7170000000005 153.80546075085323 4210.150170648464 0.0 1160.8839590443686 539.4334470989761 2.4199999999999924 61.600000000000094 0.4590000000000023
Guyana	85.84285015290524 3.951999999999999 26.30000000000009 7435.046999999986 373.1589999999997 330.40061162079513 2277.039755351682 1.275229357798165 554.4159021406728 614.4036697247707 11.619999999999921 69.90999999999988 0.653999999999998
Haiti	14.914687074829928 398.4480000000009 24.30000000000012 1653.1730000000066 430.54799999999824 122.99659863945578 3643.0680272108843 -1.0 997.9319727891157 458.187074829932 6.650000000000035 64.0 0.4980000000000004
Honduras	168.82164217252384 82.80500000000023 24.89999999999986 4541.794999999994 240.20799999999903 771.6805111821086 6764.686900958466 7.961661341853035 1802.9424920127794 1506.964856230032 7.210000000000025 75.27000000000035 0.6169999999999979
Hungary	279.9217121212122 108.0430000000004 43.39999999999976 26777.56099999997 278.2960000000011 468.6121212121212 5086.609090909091 4.0 1361.8121212121212 1000.4909090909091 7.550000000000005 76.88000000000012 0.8379999999999975
Iceland	42.37423794212219 3.4039999999999973 37.299999999999876 46482.95800000015 117.99199999999917 -75.0 1.9871382636655948 -4.0 -45.0 -66.0 5.309999999999963 82.99000000000046 0.9350000000000019
India	48.3181246105919 450.4189999999975 28.19999999999995 6426.674000000056 282.2799999999991 24636.140186915887 453792.93769470404 482.33956386292834 130014.28348909658 65250.92211838006 10.38999999999998 69.65999999999988 0.6399999999999951
Indonesia	33.76155521472393 145.72499999999914 29.300000000000004 11188.743999999957 342.8640000000011 4815.429447852761 89932.93251533742 91.40184049079754 25699.693251533743 12864.972392638037 6.31999999999998 71.72000000000016 0.693999999999996
Iran	266.7281169590643 49.83100000000004 32.39999999999979 19082.620000000094 270.30800000000056 2116.40350877193 31237.011695906433 34.21052631578947 8812.558479532163 5047.020467836257 9.590000000000032 76.68000000000023 0.7980000000000017
Iraq	152.183295522388 88.125 20.0 15663.985999999935 218.61199999999994 1246.4 16369.829850746268 17.059701492537314 4565.8925373134325 2830.3611940298506 8.82999999999996 70.59999999999972 0.6850000000000018
Ireland	338.4283597560974 69.87399999999982 38.70000000000018 67335.29300000014 126.45900000000023 999.655487804878 6828.695121951219 10.170731707317072 1780.1646341463415 1798.378048780488 3.27999999999998 82.29999999999954 0.937999999999994
Israel	174.27499689440995 402.6059999999998 30.600000000000183 33132.32000000015 93.31999999999977 589.9968944099379 5501.826086956522 5.8478260869565215 1462.9968944099378 1184.0 6.739999999999995 82.97000000000027 0.9029999999999997
Italy	645.0219263456094 205.85899999999836 47.89999999999979 35220.08400000014 113.15100000000027 2022.5807365439093 25255.399433427763 29.555240793201133 7049.963172804532 4475.665722379604 4.779999999999977 83.5099999999994 0.8799999999999968
Jamaica	37.97662037037038 266.8790000000007 31.39999999999981 8193.570999999998 206.5369999999984 -27.944444444444443 864.5493827160494 -3.0 202.11111111111111 58.5 11.280000000000076 74.47000000000017 0.7319999999999994
Japan	12.174526760563383 347.7780000000021 48.200000000000315 39002.22299999983 79.36999999999978 2183.301408450704 41493.01408450704 39.50422535211268 11845.935211267606 5907.481690140845 5.720000000000024 84.63000000000027 0.9089999999999961
Jordan	96.67845192307696 109.28500000000001 23.19999999999988 8337.490000000036 208.25699999999918 405.6730769230769 4875.589743589743 3.0384615384615383 1311.75 905.7628205128206 11.75 74.52999999999986 0.7350000000000058
Kazakhstan	74.50537699680505 6.6810000000000285 30.60000000000018 24055.588000000196 466.7919999999996 503.6325878594249 7403.099041533546 5.306709265175719 2042.5750798722045 1220.3610223642172 7.109999999999969 73.59999999999977 0.8000000000000045
Kenya	14.01555974842768 87.32400000000032 20.0 2993.028000000019 218.63700000000108 881.7327044025158 17567.025157232703 14.0 4991.154088050314 2463.9402515723273 2.9199999999999844 66.7000000000004 0.5900000000000027
Kuwait	126.20997368421055 232.1279999999986 33.70000000000004 65530.537000000186 132.23500000000044 542.0 4222.726973684211 4.253289473684211 1091.845394736842 1026.7434210526317 15.840000000000067 75.49000000000032 0.8029999999999977
Kyrgyzstan	126.61463192182414 32.33299999999996 26.30000000000013 3393.4740000000183 436.3619999999971 775.8078175895765 6000.322475570033 7.82084690553746 1576.0195439739414 1454.5667752442996 7.109999999999966 71.4500000000004 0.6719999999999976
Latvia	104.16410932475881 31.212000000000113 43.899999999999764 25063.845999999918 350.0599999999986 192.80707395498393 1795.073954983923 -0.8167202572347267 437.38585209003213 405.4469453376206 4.91000000000002 75.29000000000056 0.8470000000000023
Lebanon	71.5811398176292 594.5609999999965 31.100000000000193 13367.564999999973 266.5910000000003 295.1580547112462 3497.1337386018236 1.3738601823708207 922.9148936170212 662.7355623100304 12.710000000000031 78.93000000000023 0.7570000000000036
Lesotho	23.783668224299063 73.56199999999991 22.19999999999991 2851.153000000002 405.1259999999997 -42.495327102803735 594.5794392523364 -4.0 125.0 19.481308411214954 3.9400000000000204 54.329999999999934 0.5199999999999991
Liberia	13.158104377104417 49.12700000000028 19.199999999999896 752.7880000000004 272.50899999999996 9.498316498316498 1553.3771043771044 -3.0 399.5589225589226 157.4882154882155 2.419999999999992 64.10000000000001 0.4350000000000015
Libya	77.15342384105962 3.6230000000000215 29.0 17881.508999999955 341.8619999999981 371.2450331125828 3913.139072847682 2.370860927152318 1032.2615894039734 789.1721854304636 10.429999999999957 72.90999999999988 0.7059999999999969
Lithuania	176.4866853582554 45.13500000000018 43.5 29524.26499999994 342.9890000000011 256.1464174454829 2331.968847352025 -0.16822429906542055 584.4766355140187 526.0778816199377 3.669999999999994 75.93000000000022 0.8580000000000029
Luxembourg	300.8149907692308 231.44700000000006 39.70000000000019 94277.96499999988 128.27500000000077 920.9230769230769 5404.052307692307 9.153846153846153 1371.923076923077 1592.2307692307693 4.420000000000009 82.25 0.9039999999999976
Madagascar	7.21070384615385 43.950999999999766 19.600000000000023 1416.4400000000019 405.99400000000173 414.66153846153844 8998.246153846154 5.0 2532.607692307692 1231.0923076923077 3.9400000000000266 67.04000000000043 0.5190000000000022
Malawi	8.634278688524597 197.5190000000002 18.100000000000044 1095.0419999999986 227.3490000000007 261.4918032786885 6181.481967213114 2.0 1726.3672131147541 823.8032786885246 3.9400000000000306 64.25999999999989 0.4770000000000014
Malaysia	7.947814024390244 96.25400000000059 29.899999999999814 26808.163999999957 260.9419999999997 498.7926829268293 10543.731707317073 7.0 2974.2195121951218 1450.8475609756097 16.739999999999867 76.15999999999988 0.8019999999999984
Mali	7.737044303797468 15.195999999999936 16.399999999999974 2014.3059999999916 268.0240000000004 280.80696202531647 6549.101265822785 3.0 1832.5854430379748 877.4145569620254 2.41999999999999 59.310000000000024 0.42700000000000266
Malta	146.82317999999998 1454.037000000007 42.39999999999978 36513.32300000011 168.71100000000075 288.6 1972.6766666666667 0.8 472.2 539.0 8.829999999999963 82.52999999999979 0.8779999999999927
Mauritania	34.141508090614856 4.288999999999989 20.30000000000011 3597.6330000000034 232.34700000000055 2.56957928802589 1420.2491909385112 -3.0 361.05501618122975 138.50161812297733 2.4199999999999906 64.91999999999973 0.520000000000001
Mauritius	8.535822580645155 622.9619999999996 37.399999999999785 20292.74500000009 224.64400000000018 -58.0 308.4161290322581 -4.0 42.5 -21.52258064516129 22.020000000000163 74.99000000000035 0.7899999999999976
Mexico	474.69662187500006 66.44399999999978 29.30000000000002 17336.46899999992 152.78300000000075 3054.125 46766.35625 51.48125 13235.95625 7397.203125 13.059999999999963 75.04999999999957 0.7740000000000008
Moldova	317.6366717791411 123.65499999999943 37.60000000000022 5189.9720000000125 408.501999999997 770.9815950920246 5394.699386503067 7.352760736196319 1397.5490797546013 1403.0122699386502 5.720000000000023 71.90000000000026 0.6999999999999962
Mongolia	1.5315714285714284 1.979999999999999 28.600000000000016 11840.846000000005 460.0429999999998 -22.34285714285714 965.4857142857143 -3.0 232.22857142857143 73.42857142857143 4.819999999999997 69.86999999999995 0.7409999999999998
Morocco	66.2527781155015 80.08000000000062 29.600000000000183 7485.012999999991 419.14599999999746 850.419452887538 13487.158054711246 11.601823708206688 3781.0547112462004 2116.58358662614 7.140000000000022 76.68000000000022 0.6670000000000014
Mozambique	3.337300813008129 37.727999999999945 17.699999999999918 1136.1030000000023 329.94199999999995 478.0081300813008 10174.040650406505 6.0 2867.4146341463415 1398.1666666666667 3.2999999999999883 60.85000000000024 0.4369999999999985
Myanmar	15.470282467532469 81.72100000000026 29.10000000000017 5591.5970000000125 202.10399999999944 893.1558441558442 17798.376623376622 14.0 5053.558441558442 2495.2662337662337 4.609999999999981 67.12999999999994 0.5780000000000023
Namibia	52.1303333333333 3.077999999999986 22.0 9541.807999999974 243.81100000000094 2.7681159420289854 930.864734299517 -3.4927536231884058 215.83091787439614 101.3623188405797 3.9400000000000195 63.70999999999969 0.6470000000000018
Nepal	23.799132530120485 204.43000000000026 25.0 2442.8040000000033 260.7969999999991 440.9839357429719 9475.630522088353 6.0 2668.9277108433735 1297.3694779116465 7.259999999999992 70.78000000000019 0.5740000000000002
Netherlands	399.34038757396445 508.54399999999697 43.20000000000025 48472.54499999993 109.36100000000019 1245.0621301775147 10992.869822485207 14.535502958579881 2968.310650887574 2421.316568047337 5.289999999999976 82.2799999999997 0.9310000000000008
New+AF8-Zealand	5.529553745928327 18.206000000000067 37.89999999999979 36085.8430000002 128.7969999999993 5.58957654723127 1477.1530944625408 -3.0 377.36482084690556 146.46905537459284 8.079999999999965 82.29000000000057 0.9169999999999989
Nicaragua	17.2282347266881 51.66699999999982 27.300000000000097 5321.443999999971 137.0160000000005 37.556270096463024 2070.1672025723474 -2.0 547.3376205787781 231.4983922829582 11.469999999999928 74.47999999999965 0.6579999999999958
Niger	3.855031847133772 16.954999999999945 15.099999999999993 926.0 238.33900000000088 352.00955414012736 7854.611464968153 4.0 2204.7802547770702 1063.8280254777071 2.41999999999999 62.419999999999774 0.3539999999999993
Nigeria	5.055786377708979 209.5880000000016 18.100000000000062 5338.453999999977 181.01299999999938 3604.808049535604 67710.03095975232 68.0123839009288 19352.953560371516 9677.38080495356 2.4199999999999893 54.690000000000055 0.5320000000000007
Norway	51.25210802469142 14.462000000000048 39.70000000000018 64800.057000000015 114.31599999999952 16.00925925925926 1673.5 -3.0 434.0925925925926 175.11111111111111 5.309999999999962 82.40000000000042 0.9529999999999977
Oman	139.0196146179402 14.979999999999974 30.69999999999997 37960.70900000009 266.34199999999964 569.9435215946844 4566.3056478405315 4.425249169435216 1189.2757475083056 1088.0598006644518 12.610000000000035 77.86000000000033 0.8209999999999983
Pakistan	25.5176801242236 255.57299999999958 23.5 5034.708000000029 423.0310000000014 3874.052795031056 72484.27950310559 73.00621118012423 20743.00310559006 10386.773291925465 8.34999999999995 67.27000000000035 0.5620000000000023
Palestine	75.20531045751633 778.2019999999966 20.399999999999917 4449.898000000024 265.910000000002 243.19281045751634 2814.1013071895427 0.08823529411764706 729.8333333333334 545.6013071895425 10.590000000000032 74.04999999999959 0.6860000000000049
Panama	424.2140305810396 55.133 29.700000000000003 22267.036999999815 128.34599999999992 759.7155963302753 5400.134556574923 7.137614678899083 1400.730886850153 1389.6605504587155 8.329999999999963 78.50999999999954 0.7889999999999943
Papua+AF8-New+AF8-Guinea	1.744196808510636 18.21999999999993 22.59999999999995 3823.1940000000095 561.4940000000018 79.02659574468085 2830.994680851064 -1.0 765.9202127659574 341.6276595744681 17.650000000000055 64.5 0.543999999999998
Paraguay	114.631698757764 17.143999999999977 26.5 8827.009999999947 199.12799999999874 488.5869565217391 4605.577639751553 3.869565217391304 1215.2732919254659 989.4316770186335 8.269999999999985 74.25 0.7019999999999984
Peru	663.698736842106 25.12899999999992 29.10000000000018 12236.705999999895 85.75500000000021 1394.1331269349846 15472.071207430341 18.74922600619195 4271.993808049536 2948.5232198142417 5.95000000000003 76.74000000000042 0.75
Philippines	36.28091689008043 351.87300000000323 25.19999999999998 7599.188000000047 370.43700000000257 1881.809651474531 35936.364611260055 34.0 10253.495978552279 5105.276139410188 7.070000000000021 71.22999999999963 0.6990000000000056
Poland	211.22898791540786 124.02699999999969 41.79999999999978 27216.445000000123 227.33099999999965 941.5075528700906 14185.537764350453 13.577039274924472 3973.359516616314 2283.04833836858 5.910000000000034 78.72999999999963 0.865000000000004
Portugal	294.03156880733957 112.37099999999938 46.200000000000266 27936.89599999988 127.84199999999963 996.3975535168196 8038.648318042813 10.880733944954128 2139.0611620795107 1886.0183486238532 9.849999999999945 82.04999999999954 0.8470000000000012
Qatar	55.200371710526326 227.32200000000006 31.899999999999817 116935.60000000066 176.69000000000057 -29.549342105263158 838.8453947368421 -4.0 194.57236842105263 54.536184210526315 16.520000000000067 80.22999999999965 0.8559999999999962
Romania	308.37339009287933 85.12900000000054 43.0 23313.19900000002 370.94599999999923 920.7585139318885 9749.136222910216 10.730650154798761 2659.123839009288 1920.2414860681115 9.73999999999993 76.04999999999957 0.8110000000000047
Russia	157.8356687116564 8.82299999999999 39.60000000000022 24765.953999999925 431.29700000000173 3040.377300613497 50632.886503067486 53.23006134969325 14384.564417177915 7669.312883435583 6.18000000000002 72.5800000000005 0.8160000000000011
Rwanda	4.1125483870967745 494.86900000000236 20.300000000000093 1854.211000000007 191.375 151.03225806451613 4152.298387096775 0.0 1143.7379032258063 531.2258064516129 4.27999999999998 69.02000000000032 0.5240000000000008
Saudi+AF8-Arabia	96.79627272727272 15.322000000000042 31.899999999999814 49045.41100000021 259.5380000000004 1014.3571428571429 13888.853896103896 14.282467532467532 3868.805194805195 2351.311688311688 17.72 75.13000000000005 0.8530000000000033
Senegal	14.490073333333317 82.32800000000036 18.699999999999896 2470.5799999999913 241.2189999999987 219.32333333333332 5393.493333333333 1.0 1501.88 710.14 2.4199999999999915 67.93999999999988 0.5049999999999978
Serbia	159.22608615384607 80.29100000000021 41.20000000000021 14048.881000000043 439.41499999999803 367.83076923076925 3877.9507692307693 2.3384615384615386 1022.6923076923077 781.996923076923 10.079999999999957 76.0 0.7870000000000044
Seychelles	22.389586206896546 208.354 36.20000000000002 26382.287000000008 242.64800000000008 -79.0 -78.0 -4.0 -67.0 -77.0 10.550000000000006 73.40000000000005 0.7970000000000004
Sierra+AF8-Leone	8.926251748251747 104.70000000000049 19.100000000000044 1390.299999999993 325.72100000000086 61.27622377622377 2514.0524475524476 -2.0 674.7447552447552 295.44055944055947 2.4199999999999933 54.70000000000028 0.4189999999999978
Singapore	5.151176100628964 7915.730999999997 42.39999999999977 85535.38300000038 92.24299999999953 23.9874213836478 1816.2924528301887 -2.0 474.44025157232704 195.16666666666666 10.989999999999915 83.61999999999983 0.9319999999999976
Slovakia	119.7502275641026 113.12800000000017 41.20000000000019 30155.15199999992 287.9590000000015 288.06089743589746 3142.2371794871797 0.6057692307692307 818.4038461538462 627.3301282051282 7.289999999999973 77.54000000000057 0.8549999999999965
Slovenia	342.5873343465047 102.61899999999949 44.5 31400.83999999989 153.4930000000004 303.45288753799394 2431.553191489362 0.6048632218844985 605.629179331307 592.09726443769 7.25 81.31999999999977 0.8959999999999965
South+AF8-Africa	225.14097756410257 46.75400000000031 27.300000000000093 12294.87600000006 200.37999999999892 1656.573717948718 23024.621794871793 24.990384615384617 6464.63782051282 3848.8205128205127 5.519999999999985 64.1299999999999 0.6990000000000044
South+AF8-Korea	9.42079096045198 527.9670000000023 43.39999999999975 35938.373999999865 85.99799999999965 837.8587570621469 16753.694915254237 13.0 4754.0084745762715 2344.7090395480227 6.8 83.02999999999965 0.9030000000000016
Spain	664.4614716417911 93.10499999999963 45.5 34272.35999999994 99.40299999999928 1797.4268656716417 20858.641791044774 25.83582089552239 5789.907462686567 3861.092537313433 7.170000000000034 83.56000000000044 0.8909999999999999
Sri+AF8-Lanka	3.6349163987138304 341.95500000000146 34.10000000000019 11669.07700000004 197.09300000000064 301.9228295819936 6930.6205787781355 3.0 1941.6012861736335 931.4662379421222 10.67999999999995 76.97999999999965 0.7700000000000041
Sudan	17.84402469135803 23.25799999999987 19.69999999999989 4466.506999999988 431.38800000000305 704.0648148148148 14297.947530864198 11.0 4057.003086419753 1994.4413580246915 15.670000000000053 65.31000000000016 0.5020000000000006
Suriname	114.66484789644014 3.611999999999995 29.60000000000017 13767.118999999957 258.3139999999989 493.1715210355987 3099.6019417475727 3.4757281553398056 767.9352750809062 880.4660194174758 12.539999999999969 71.68000000000022 0.7199999999999991
Sweden	540.2885255255247 24.7179999999999 41.0 46949.28299999986 133.98200000000094 1103.954954954955 8591.243243243243 12.333333333333334 2284.123123123123 2062.7957957957956 4.789999999999978 82.79999999999953 0.9329999999999972
Switzerland	350.2587840236687 214.24300000000096 43.10000000000024 57410.165999999896 99.73900000000056 1073.473372781065 8089.994082840237 12.26923076923077 2141.189349112426 1986.6775147928995 5.589999999999968 83.77999999999967 0.9439999999999993
Tajikistan	8.214111510791374 64.28100000000029 23.300000000000114 2896.91299999998 427.69800000000095 89.69064748201438 3030.2374100719426 -1.0 821.6942446043165 369.8848920863309 7.109999999999958 71.09999999999995 0.6500000000000034
Tanzania	1.3244536741213981 64.69900000000024 17.699999999999896 2683.3040000000033 217.2880000000004 988.667731629393 19533.05431309904 16.0 5551.5654952076675 2744.073482428115 5.75 65.45999999999948 0.5380000000000008
Thailand	1.7457933130699181 135.13199999999983 40.10000000000023 16277.671000000068 109.86100000000025 1168.2218844984802 22853.255319148935 20.0 6501.993920972644 3223.358662613982 7.039999999999974 77.15000000000035 0.7549999999999969
Togo	5.3000384615384615 143.36600000000112 19.399999999999924 1429.8130000000076 280.03299999999996 66.92948717948718 2613.5801282051284 -2.0 703.5961538461538 310.34294871794873 6.150000000000034 61.040000000000475 0.5029999999999974
Trinidad+AF8-and+AF8-Tobago	40.126357827475964 266.885999999999 36.2000000000001 28763.071000000247 228.46699999999913 -56.0 350.56869009584665 -4.0 54.47284345047923 -15.523961661341852 10.969999999999933 73.50999999999966 0.7839999999999975
Tunisia	98.73395846645369 74.22799999999947 32.70000000000004 10849.29699999993 318.990999999999 426.51437699680514 5366.862619808307 3.929712460063898 1451.9808306709265 968.444089456869 8.519999999999985 76.70000000000044 0.7350000000000058
Turkey	108.8875304878049 104.91400000000031 31.600000000000193 25129.34100000001 171.2850000000014 1749.1402439024391 29344.84756097561 29.253048780487806 8322.140243902439 4443.960365853659 12.13000000000008 77.68999999999963 0.7909999999999974
Uganda	4.00142487046632 213.7589999999989 16.400000000000055 1697.706999999996 213.33299999999932 739.1347150259068 14949.409326424871 11.0 4234.248704663212 2084.538860103627 2.5 63.370000000000196 0.5160000000000011
Ukraine	143.07383383685797 77.38999999999965 41.399999999999764 7894.393000000007 539.8489999999975 1087.0543806646526 16349.495468277946 16.12084592145015 4586.66163141994 2629.7039274924473 7.109999999999977 72.0600000000003 0.7510000000000033
United+AF8-Arab+AF8-Emirates	39.16802564102563 112.44199999999954 34.0 67293.48299999944 317.8399999999977 96.03205128205128 3143.625 -1.0 855.0608974358975 386.24038461538464 17.26000000000013 77.97000000000018 0.8629999999999998
United+AF8-Kingdom	632.260728915663 272.89800000000076 40.799999999999784 39753.24400000029 122.1370000000001 2147.4819277108436 27656.039156626506 32.463855421686745 7742.05421686747 4812.560240963855 4.279999999999978 81.31999999999977 0.922000000000002
United+AF8-States	530.6397079646018 35.60800000000014 38.29999999999981 54225.44600000019 151.08899999999997 6803.902654867256 113923.54572271387 124.14749262536873 32464.49262536873 17197.398230088496 10.78999999999997 78.86000000000035 0.9239999999999999
Uruguay	21.60577813504822 19.75100000000013 35.60000000000021 20551.40899999999 160.7079999999992 -18.971061093247588 1033.5819935691318 -3.0 250.4855305466238 82.51768488745981 6.930000000000012 77.90999999999988 0.8040000000000017
Uzbekistan	9.887888157894723 76.13399999999947 28.199999999999907 6253.104000000035 724.4169999999953 518.078947368421 10893.108552631578 7.0 3077.0460526315787 1502.8256578947369 7.569999999999999 71.72000000000007 0.7100000000000016
Venezuela	17.49803459119498 36.2530000000001 29.0 16745.02199999995 204.84999999999897 427.58490566037733 9243.295597484277 5.0 2603.7169811320755 1264.4654088050315 6.470000000000023 72.06000000000026 0.7609999999999971
Vietnam	1.3333010752688235 308.12700000000035 32.60000000000007 6171.883999999993 245.4649999999991 1663.6021505376343 31884.1935483871 29.0 9096.446236559139 4525.091397849463 6.0 75.39999999999976 0.6940000000000017
Yemen	16.502791366906536 53.507999999999846 20.300000000000104 1479.1469999999977 495.0029999999978 452.1546762589928 9704.442446043166 6.0 2733.0863309352517 1329.410071942446 5.349999999999983 66.1200000000002 0.4519999999999989
Zambia	13.38816776315789 22.99499999999991 17.6999999999999 3689.2510000000148 234.4990000000012 247.76315789473685 5937.940789473684 2.0 1655.470394736842 788.4703947368421 3.9400000000000306 63.88999999999973 0.5879999999999963
Zimbabwe	13.972734177215184 42.7289999999998 19.600000000000083 1899.7750000000112 307.846000000001 185.0 4780.661392405063 1.0 1323.6772151898733 621.6613924050633 1.8200000000000003 61.490000000000094 0.5349999999999973
