Afghanistan	-3.983321235775523E-8 NaN NaN NaN 0.0032178490424969388 0.034692726146972365 Infinity -0.04884439178060639 0.012554778734546582 NaN NaN 8.449900372383753E-8
Albania	5.453293368568838E-8 NaN 6.796688230236992E-8 NaN 0.8314133315538693 0.8314665603679352 0.8314357331017529 0.8314594697688501 0.8314558681766081 3.933536788932891E-8 2.6612097215810546E-8 NaN
Algeria	3.964483201893013E-8 NaN NaN NaN 0.10917111061877045 -0.01965477270879944 -Infinity 0.09698768151548873 -0.04649469134938535 -1.0669437941048912E-7 NaN 1.0133191955759682E-7
Angola	NaN NaN NaN 5.06988643061655E-8 -0.012417276236843333 0.053361045069279335 Infinity 0.008024611056261722 0.012668187437087258 NaN 0.0 NaN
Argentina	4.25077178645384E-8 8.506602510322306E-8 2.701318326266296E-8 5.949841079903318E-8 0.82925686259934 0.8266775778156905 0.8296294776881038 0.8294256432396305 0.8289018317067638 -Infinity 4.387006649635794E-8 4.856168131602507E-8
Australia	-5.736752677233196E-9 8.983132751539197E-8 NaN -3.118786822612536E-8 0.05423922039211416 -0.03304433746141541 NaN -0.012577893528550961 -0.07723382487176761 1.6670616789430605E-8 8.171760770950833E-8 7.072743707021215E-8
Austria	-1.84107818696079E-8 6.312268069579852E-8 NaN 2.0408096313327798E-8 0.8449561550595971 0.8442824108185653 0.8448947454981807 0.8449973143130629 0.8449406681971026 3.705387874879309E-8 NaN 2.7800185810907502E-8
Azerbaijan	NaN 3.9647209453986884E-8 NaN NaN 0.9117895055485596 0.9122148828467996 0.9119376507674039 0.9121376758186037 0.9118763751717143 2.7589813665433753E-8 NaN NaN
Bahamas	Infinity NaN NaN 3.222176469014284E-9 0.9154416596361902 0.9154370689297311 0.9154416596361926 0.9154416596361956 0.9154416596361963 NaN 4.162251641908311E-8 5.674353783408043E-8
Bahrain	NaN 6.557497621405046E-8 NaN 9.174586389412026E-8 0.8860719760261 0.8860682062788661 0.8860529350819576 0.8860521852223213 0.8860465037683818 NaN NaN NaN
Bangladesh	-1.6667305055114064E-7 -Infinity NaN 1.1468732046676178E-7 -0.03940506480133353 -0.002375626252148164 0.031729010281777624 0.11197273626795981 -0.026026342428272616 NaN -9.526158313546027E-8 NaN
Barbados	0.0 2.856903962850587E-7 3.0774181455024207E-7 NaN Infinity 0.012446936813636117 NaN -Infinity Infinity NaN -4.100435730076684E-7 NaN
Belarus	NaN 4.714938387895819E-8 NaN NaN 0.7548524583865651 0.7547507202323006 0.7547553149353768 0.7551798721610709 0.7544387301249706 NaN NaN NaN
Belgium	1.0145881000498245E-7 1.1403909260125264E-7 5.636888130157479E-8 NaN 0.5889542084566233 0.5882699506622536 0.5880280849393492 0.5885145151840169 0.587715743975694 1.0773526032537114E-7 -1.0079726962338297E-7 6.934689078776718E-8
Belize	NaN -Infinity 3.3290885196880985E-9 NaN 0.8633922117905128 0.8633918269544154 0.8633922117905128 0.8633922117905128 0.8633922117905127 NaN -4.233340585907861E-9 1.830998685828454E-8
Benin	NaN NaN 4.5313221357343566E-7 1.472705173662343E-7 0.06201941607627003 0.025954369397075898 NaN 0.09772042068010299 0.060086410843426315 NaN NaN 1.1135116661010997E-7
Bhutan	NaN 0.0 -4.0 NaN -Infinity NaN NaN NaN NaN -Infinity NaN NaN
Bolivia	NaN 4.632462140571025E-8 1.094902223410188E-7 6.686383159673577E-8 0.8302850547385557 0.8297647472568476 0.830127303847183 0.8304579991356537 0.8300028509359155 NaN 4.0848944686136577E-8 NaN
Bosnia+AF8-and+AF8-Herzegovina	5.35914393395589E-8 -Infinity NaN 5.631439009417739E-8 0.6593673085949397 0.6592876907651035 0.6593095721490974 0.6593699327428628 0.6592726310834222 3.7295639059700887E-8 NaN NaN
Botswana	NaN NaN 3.4155470532382126E-8 NaN -0.06994067211793062 0.017667084943873094 NaN -0.18362188961838677 0.02381315097025875 5.54118351459477E-8 NaN NaN
Brazil	NaN Infinity -3.5708486686341044E-8 NaN 0.7531425570610987 0.7211614088822692 0.7575652126292748 0.7492370823038669 0.7485029676460511 NaN NaN 1.1540382312660657E-7
Brunei	NaN 2.880562687670662E-7 3.005745554769733E-7 NaN -Infinity 0.05249541128647998 NaN Infinity -Infinity 3.693774763460616E-7 NaN NaN
Bulgaria	NaN NaN NaN 3.22805398052264E-8 0.7711700263022094 0.7710568843783229 0.7712913193155414 0.7711907849945084 0.7712553570386402 3.936034253401544E-8 5.41631993896376E-8 4.8782974886534685E-8
Burkina+AF8-Faso	NaN NaN NaN -6.297582853332547E-8 0.07143839455989658 0.05874435823848296 -Infinity -0.0611696332848841 0.012082342213860401 3.757108194136035E-7 NaN NaN
Burundi	NaN -Infinity NaN NaN 0.010765233624753836 0.01534806717866622 NaN 0.01842355671506043 -0.015371484595365286 -4.953520902646228E-8 NaN NaN
Cameroon	NaN NaN 4.781646606260858E-8 3.4319817251659984E-8 -0.05953267952206113 -0.01550357176592101 -Infinity -0.043930556911460285 0.03766783871970285 -Infinity NaN NaN
Canada	NaN 9.633883789190007E-8 NaN 1.3664809597053003E-7 0.7390813133719497 0.7392312998738777 0.7396704066966846 0.7404679017851621 0.7391606256718699 1.1291700107960284E-7 NaN 1.196434115172406E-7
Cape+AF8-Verde	NaN 8.118435139381732E-8 NaN 5.2308988077696365E-8 0.9195347497036761 0.9195277328637753 0.9195347497036759 0.9195347497036753 0.9195347497036779 3.543118383534608E-7 6.012871285305696E-8 3.8866786697583934E-8
Central+AF8-African+AF8-Republic	NaN NaN NaN 4.1187986868467113E-7 -0.06724158273433643 -0.03255047290348414 -Infinity -0.058383799184060406 -0.014055651046317305 2.1599162532982162E-7 NaN -7.976019360269145E-8
Chad	NaN 3.023672296679938E-7 2.0398116062353748E-7 2.0265663236735716E-7 -0.045804204655637656 0.09120760190691792 NaN -0.05766316413620566 -0.022204152454286145 4.748225013216566E-7 3.2871560795419833E-7 NaN
Chile	NaN 9.842245665098776E-8 8.707929582236058E-8 NaN 0.8358252875222235 0.8358645704199562 0.8360573236936935 0.8359812445353113 0.8362722932661539 NaN NaN 9.758659969849125E-8
China	7.737132282808619E-7 NaN NaN NaN 0.027188661067277745 -0.012963614936610577 -0.021652438214297697 0.019511526845478477 -0.08863893571509295 2.3367704317195098E-7 -7.678269983344717E-8 NaN
Colombia	NaN -Infinity NaN NaN 0.8079361505612741 0.8074766138127766 0.8076520798848422 0.8050691400475731 0.8078132725711084 NaN NaN NaN
Congo	NaN NaN 1.5299542347261522E-7 1.1637851036274706E-7 0.12434954140815917 -0.06186610642062281 -Infinity 0.1022739485217424 0.04739084605636362 NaN 6.594285472082326E-8 8.944347833783659E-8
Costa+AF8-Rica	NaN NaN NaN NaN 0.8993576843970209 0.8993379200684599 0.899342587162726 0.8992461986824818 0.8994293881566277 NaN 2.2037767068453835E-8 NaN
Cote+AF8-d'Ivoire	NaN 1.4251679133886627E-7 NaN NaN -0.007452087607036511 0.019649254109122886 Infinity -0.056089895528807505 -0.10820664939961458 4.3938664849237124E-7 NaN NaN
Croatia	4.0941701335957074E-8 Infinity NaN NaN 0.8305209112412466 0.8306648186416732 0.8305788875376254 0.83056336651092 0.830588030257468 3.597550220024863E-8 NaN 2.7048289201822267E-8
Cyprus	3.972039755929903E-8 6.557790449775813E-8 4.401300769191737E-9 -2.362695474967274E-8 0.9046151031357534 0.9046176852218133 0.9046151031357533 0.9046147305223482 0.9046135290643558 5.3306827678770597E-8 2.828315834234059E-8 NaN
Czechia	2.822210078976038E-8 2.921264965095344E-8 NaN -2.405292680945487E-8 0.8549715251630627 0.8544160783224013 0.8549071271410212 0.8549065234251791 0.8548812470862884 NaN NaN NaN
Democratic+AF8-Republic+AF8-of+AF8-Congo	NaN Infinity NaN 1.150023323147566E-7 -0.08541843078119692 -0.041084567453826396 -Infinity 0.04608606523908321 0.07190497599994108 1.6451025511194936E-7 NaN 9.849513527885187E-8
Denmark	5.5293422175732714E-8 1.0163575571815893E-7 NaN NaN 0.739273798971049 0.7389953331453315 0.7392340449664143 0.7392787539066868 0.7391215740233439 NaN NaN 7.033543583749715E-8
Djibouti	5.008123544878679E-8 1.318934996358878E-7 9.665293320404941E-8 1.3849122264180761E-7 Infinity 0.017925392728168014 NaN NaN Infinity 1.2774648762921398E-7 NaN 5.222831075458032E-8
Dominican+AF8-Republic	NaN NaN 1.3420261250727418E-8 -1.907967561520254E-7 0.92772718086481 0.9276682980901299 0.9277841799584957 0.9275929193298845 0.9276878555222555 2.841705272359297E-8 NaN 6.711543135773075E-8
Ecuador	4.4585063592758476E-8 NaN NaN 7.070235318850265E-8 0.6639661701529028 0.6646543764871823 0.6641915500781885 0.6644829831417844 0.6640978657657655 1.1753944814205119E-7 6.394623538861485E-8 NaN
Egypt	NaN NaN 9.55135870683396E-8 NaN 0.09661441881602595 0.0020763165255541136 -Infinity 0.026422200698673987 0.07802867099630026 NaN NaN 3.19568806595923E-8
El+AF8-Salvador	NaN NaN NaN 7.475736618328063E-8 0.8410316693963606 0.8410961317383424 0.8410958752230254 0.8411653529443054 0.8412738679263364 8.990463741192756E-8 NaN NaN
Eritrea	NaN 7.524873155841148E-8 NaN NaN -0.2361815279820193 -0.12199665503092749 Infinity 0.020240281273789445 -0.10897340892171113 NaN NaN -Infinity
Estonia	NaN NaN NaN NaN 0.9001457803763249 0.9000496941074421 0.9001457803763245 0.9001101604587427 0.9001285646155155 2.323713083000957E-8 NaN -7.603504160652319E-8
Eswatini	4.903842060978E-8 -Infinity NaN NaN 0.8194695907630212 0.8195976204601897 0.8194695907630208 0.8194962505049261 0.8194695907630207 NaN NaN 3.965058077180141E-8
Ethiopia	5.5132472377643206E-8 NaN NaN 7.409627894361033E-8 -0.04433555270317181 -0.0955802991266677 0.07988716749484796 -6.34440694142234E-4 0.12894826166676096 -2.06746771416162E-8 1.5506007856212153E-8 8.638180117906015E-8
Fiji	2.548123757066949E-7 NaN NaN NaN Infinity -0.021850987642948592 NaN 0.09799668574857301 -0.028088904122701784 3.557642122449498E-7 NaN NaN
Finland	NaN 1.1078402719064771E-7 NaN 1.4476676146356247E-7 -0.0027239726115254525 0.15002848176158828 Infinity 0.021087870069348057 -0.004802431636994558 4.986454645090885E-8 Infinity 2.177585775211898E-7
France	NaN Infinity NaN NaN 0.6720515365157829 0.6607243108281315 0.6706587712803308 0.6697352240928217 0.6680035173240544 4.857257772432323E-8 5.173501215316048E-8 NaN
Gabon	1.0131956752200563E-7 NaN NaN NaN 0.03039571966468782 0.023470951312396 NaN 0.05164810720632005 0.021174860125234875 NaN -5.129241918995755E-8 4.964748201059748E-8
Gambia	1.2710049250784562E-8 -Infinity 1.4595438936393155E-8 4.294965978595661E-8 -0.11595484666819829 -0.054750575792707694 NaN -0.0657894612176509 -0.049637277076225166 NaN 5.063091568014444E-8 9.400021925877902E-8
Georgia	3.227280894607374E-8 NaN 3.3877663513674617E-8 3.194575650867592E-8 0.894692375522201 0.8945717019446453 0.8946892257110547 0.8947284682379624 0.8946491740720837 2.3645810332703568E-8 NaN NaN
Germany	NaN NaN 6.455142942787323E-8 NaN 0.7589313452796178 0.7600351102085422 0.7607991545469053 0.7596824149199702 0.7607410448419291 4.357772727618172E-8 NaN NaN
Ghana	7.848386755215096E-9 NaN 8.081658303465459E-8 NaN 0.03939733298267293 0.04007523198775873 Infinity -0.017075741156644383 -0.026929181458614466 NaN 6.289306389609558E-8 NaN
Greece	2.4273171318065213E-8 3.3319527174000375E-8 NaN 1.3183226556748689E-8 0.9247676413302669 0.9246301982150357 0.9248339165492463 0.9252716450542985 0.9250166078998606 2.6558819336872416E-8 NaN NaN
Guatemala	NaN 5.716744468546823E-8 NaN NaN 0.8986556181281313 0.89843122932536 0.8986886865703106 0.8984670307857159 0.8985047142251636 8.001089340360989E-8 7.721049098324521E-8 NaN
Guinea	1.608394864285225E-7 -Infinity 1.7907317833070815E-7 -4.6411405356242387E-7 0.018185011740116868 -0.028075723727326835 NaN -0.12593886564536996 0.05906733668615344 NaN -6.272739360820393E-8 NaN
Guyana	NaN NaN NaN NaN 0.9363541830841778 0.9363687439622354 0.9363541830841777 0.9363541830841763 0.9363541830841766 6.735865054583309E-8 NaN 2.2230104970480946E-8
Haiti	-1.5352592340162646E-8 NaN NaN 1.2247131912643299E-7 0.023555713905429047 0.03628272071159963 NaN -0.02059797225953991 0.032438251781302184 NaN NaN -Infinity
Honduras	NaN 8.533882731840915E-8 4.217154387049924E-8 7.791805424217799E-8 0.9062955543464197 0.9060533727876036 0.9061558102612292 0.9061795384193133 0.9061789336659808 NaN NaN 5.65148782817928E-8
Hungary	NaN 2.9277430452593725E-8 5.565750860883832E-9 NaN 0.8079515453586744 0.8086436278829807 0.8081179143064602 0.8081720030154698 0.8081032413210633 NaN NaN 2.3913606666761835E-8
Iceland	NaN -8.284406095540623E-9 NaN 5.079462243969879E-8 Infinity -0.04468250808335996 NaN Infinity -Infinity 6.39155806494146E-8 NaN NaN
India	8.545889424461188E-8 NaN NaN 4.607794896861473E-8 -0.012204280609542506 -0.07440827026939835 0.09410271135077548 0.009703315451910825 -0.021869238025212855 8.165213311485414E-8 2.519422997404801E-8 7.893708921278712E-8
Indonesia	9.249572299430313E-8 NaN 4.947590461043484E-8 NaN -0.019292386767048718 0.0061016098250814945 0.04939569587029403 -0.0020883580339475065 -0.01330435377527423 4.75976852892404E-8 NaN 6.731329207361013E-8
Iran	NaN 5.54388130242242E-8 NaN NaN 0.750014387833097 0.7498433311103121 0.7486212875026866 0.7476572480851273 0.7476722094586864 NaN NaN -5.271842243802922E-8
Iraq	-Infinity Infinity 5.5530211220285555E-8 3.886974294912124E-9 0.9128975153711102 0.9110673505427042 0.9133506978284245 0.9131483925968942 0.9134698474765696 7.588177372343042E-8 4.840444627171234E-8 NaN
Ireland	2.3293740394873074E-7 NaN NaN NaN 0.8374842167803844 0.8379576277825839 0.83753487669455 0.8373986597821008 0.8374795724345946 1.1805535192829834E-7 1.3523243934313702E-7 1.9668986954677567E-7
Israel	5.5878090191303736E-9 NaN NaN 2.7844275960705698E-8 0.8744889397417379 0.8744644244589207 0.8746308296290383 0.8747279666259989 0.8747605915498262 7.979453273772896E-9 NaN NaN
Italy	9.51563228342694E-8 6.731274923284293E-8 NaN NaN 0.5585780650478568 0.5513739189860977 0.5594189674982414 0.5583765885782265 0.5629736488448726 1.1131626950344609E-7 9.67542750179627E-8 4.6426036016797914E-8
Jamaica	-1.1280444327843488E-7 4.536808739449521E-8 NaN 4.7785186315111285E-8 0.07218163360742148 0.0247087290236742 Infinity -0.015017790087992344 0.10313017174813895 NaN NaN 5.414613277364874E-8
Japan	NaN NaN 6.917613552669081E-8 5.715224328585552E-8 -0.0017631762447974971 -0.019553500099402654 0.04428185137020155 0.08559464872455014 0.05097791122330126 NaN NaN 7.925590141344023E-8
Jordan	-3.712515150350755E-9 3.3073138456692556E-8 NaN 1.947193278834334E-8 0.9483225463053969 0.9481754428792384 0.9482496702725983 0.9482666941762407 0.948167353987543 -Infinity 1.163278683131534E-8 NaN
Kazakhstan	NaN NaN NaN 4.0443831957544804E-8 0.6470688540518268 0.645047087366134 0.6470422382154843 0.6473962603028334 0.6470599962640814 5.418153780880477E-8 1.216857491692046E-7 NaN
Kenya	NaN Infinity NaN NaN 0.022470588709523558 0.04670778336151131 -Infinity -0.009997805370673562 -0.032051682621332234 4.5182800975776665E-8 NaN NaN
Kuwait	7.62739919770939E-8 NaN NaN NaN 0.8473549380809341 0.8472864186645508 0.8473999783964711 0.8474454982125947 0.8475405446639921 NaN NaN 6.729232406531207E-8
Kyrgyzstan	-3.6311543827517E-8 NaN NaN 1.2626515644765406E-7 0.9783785835909544 0.978340554821347 0.9783859341262234 0.9783857980941503 0.978405913184116 5.0767366620117564E-8 NaN 8.714770518604079E-8
Latvia	NaN 3.193966071473114E-8 3.154287933951415E-8 2.2026305860599202E-8 0.8750985726490667 0.8751751725296582 0.8750985726490663 0.8750782483953056 0.8751214325198148 NaN NaN NaN
Lebanon	4.759877534589225E-8 NaN 1.4150540489865176E-8 NaN 0.863859704151698 0.863730643635776 0.8638240211725172 0.8639064414462992 0.8637674886444966 NaN NaN NaN
Lesotho	7.219679275561899E-8 1.3277812922826563E-7 -3.978816328971678E-8 2.887486737656199E-8 0.03410788031180726 0.020089659115964217 NaN 0.01670811709760321 0.12962230264402058 NaN 4.5551062975521766E-8 3.19570310036222E-8
Liberia	NaN 1.2038419559976163E-7 -3.199344150747258E-7 -2.0804766823159138E-7 -8.447810509208358E-4 -0.08437267761926064 Infinity 0.020523173554798282 0.1511401891848144 NaN -1.9630062395931215E-7 NaN
Libya	NaN -Infinity 3.1055587453016356E-8 5.2749633680097144E-8 0.8937129042245788 0.8937819860207208 0.8937502353922403 0.8936809516840097 0.893675244663049 6.233274944594233E-8 1.4248181248667674E-8 4.6279705314389225E-8
Lithuania	NaN Infinity 3.6360438620162435E-8 NaN 0.8506558207364919 0.8506382936025924 0.8506985059640325 0.8507498501425235 0.8507193079333542 NaN NaN NaN
Luxembourg	-6.042667623153334E-9 NaN NaN NaN 0.36702541877119893 0.366972617629638 0.36702541877119715 0.36702541877119804 0.3670254187711944 NaN -Infinity 4.028445082102223E-8
Madagascar	8.330492001655567E-8 -3.1487438999947524E-8 NaN NaN 0.012265588216275181 0.10156519808707297 NaN 0.049798427654298844 0.013797969535106005 NaN NaN NaN
Malawi	NaN NaN 1.2019945619499743E-8 NaN 0.03738775383356708 0.03711221401157654 NaN 0.025984122909658548 0.04769674301346041 NaN NaN NaN
Malaysia	NaN 7.121677650263081E-8 2.483439741511118E-8 8.07729466188126E-8 -0.05110474820113119 -0.0165622720010898 -Infinity 0.03709201892919828 0.022478936104765437 1.1779388048576838E-7 NaN 1.241719870755559E-7
Mali	8.577564689166986E-8 2.7395380505144883E-8 7.874310576073959E-8 -8.399264614478889E-8 0.01743355984386105 0.08091524357529477 Infinity 0.017813707322215818 -0.05478526841851937 3.0669777972033466E-7 -5.98539693895851E-8 NaN
Malta	NaN 3.541637517085468E-8 NaN NaN 0.8862127457626894 0.8862114634003709 0.8862127457626894 0.8862127457626892 0.8862127457626887 4.438331007220684E-8 2.1454590804659066E-8 5.749769702377794E-8
Mauritania	5.71608863476386E-8 NaN 0.0 NaN -0.004334997203479897 0.00458567019404967 -Infinity -0.029602860814272533 -0.00951662995551396 3.9196036352666467E-7 7.229093157317777E-8 NaN
Mauritius	3.764640306720749E-7 4.917648067817128E-7 NaN 6.744203064434918E-7 -Infinity 0.06973015401149445 NaN -0.04925426472816074 -0.01892099024604242 NaN NaN 9.003971825522729E-7
Mexico	3.949305768668167E-8 NaN 8.152844899062627E-8 NaN 0.7386844803136735 0.7292390799928218 0.7396052549299773 0.7370246503970131 0.7390554902534726 3.537085727648468E-8 1.0154839600016042E-7 NaN
Moldova	7.64069281873274E-8 NaN NaN 1.0176757527550641E-7 0.6865539877459715 0.6865707298658046 0.6866054947143326 0.6866299871891983 0.6865594006668285 NaN NaN 5.5440015294489824E-8
Mongolia	1.828257283084579E-7 NaN NaN 1.0925927049833291E-7 -0.011804804116163746 0.07874400716462285 -Infinity -0.09237016225036682 0.20976798507404137 2.725405043557463E-7 1.0925927049833291E-7 5.841370236733103E-7
Morocco	NaN NaN NaN 7.431267618181947E-8 0.9048580675660216 0.9045815296963895 0.9056019231762056 0.9050307193769274 0.9056506653022613 NaN NaN NaN
Mozambique	9.369039116333408E-8 6.815320858858861E-8 NaN NaN 0.06016985321310181 0.11710467723260219 Infinity -0.04899747185813084 0.019585622673520105 5.257265013012247E-8 NaN 5.8247870283162934E-8
Myanmar	-6.491005471248612E-8 NaN NaN 4.431563848009948E-8 0.06256487564971762 -0.007528723557020701 -Infinity 0.041833586376330605 0.016648195723186376 5.281662926163407E-8 1.6346069505711798E-8 NaN
Namibia	1.0156116051696484E-7 Infinity 3.482096932010223E-7 NaN 0.45970362845997537 0.4592724461025293 0.4594671001187328 0.4594958874499538 0.4594588864615034 NaN 9.387104218546177E-8 NaN
Nepal	-5.897867134316969E-8 -Infinity NaN 6.879411928479729E-8 -0.04048246909353309 -0.046067083036969186 Infinity 0.03960569357913733 0.06367428421973098 NaN NaN NaN
Netherlands	1.2874671853672848E-7 NaN NaN -6.639237188899142E-8 0.6269587989532018 0.6247148115120389 0.6265287073170792 0.6270584178420815 0.6266595345558292 1.372043484008909E-7 1.375302499251185E-7 NaN
New+AF8-Zealand	NaN 4.6650934803841684E-7 NaN 3.144428693032008E-7 -0.07219843501990945 -0.1652205638636644 -Infinity 0.06444955984240439 -0.0737167093687911 3.6198616509347346E-7 NaN 5.524894166310162E-7
Nicaragua	5.6780864000061304E-8 NaN 9.001503058711402E-8 NaN 0.08365489804269959 0.015232369961961511 NaN 0.053248507098067534 0.052843938235264606 1.300302980868835E-7 1.0349429273346592E-7 1.5058054369076326E-7
Niger	1.194397984504311E-7 -1.268214357446968E-7 -Infinity NaN -0.027290625545987914 0.04735128534008034 NaN 0.06887020262662504 0.1143447534839033 -3.122127922790874E-8 8.063950940433932E-8 -1.82813092056376E-8
Nigeria	NaN NaN 1.2896619896542493E-7 6.523075460364003E-8 0.04175476376305045 -0.05692477747344163 -0.08370255610653198 0.06162871217109768 0.031297723299432256 3.215919571224392E-7 NaN NaN
Norway	NaN NaN -1.844927658869868E-8 8.739138281050318E-8 0.08784519166325135 0.02712497002485881 Infinity -0.021681210489914584 0.02974392787427345 1.1210298551976102E-7 NaN -1.3553408419190023E-8
Oman	NaN NaN NaN NaN 0.9033138884744567 0.903281882677149 0.90338577419437 0.9033331270433351 0.9034249640711142 NaN NaN NaN
Pakistan	5.5055442363061285E-8 -Infinity NaN -Infinity -0.01577877413469577 0.023198564514535964 -0.026433719760270775 -0.09379717535225629 -0.013900578712878768 9.910753933249651E-8 NaN NaN
Palestine	2.8550574100081147E-8 2.7830703647420657E-8 NaN NaN 0.8811353092349684 0.8809143850120691 0.8809608972084373 0.8809151195747942 0.881020798343997 NaN 3.757896646904138E-8 NaN
Panama	0.0 NaN 8.760315969178388E-8 2.2152926632603535E-8 0.7575300770387574 0.7576046997611985 0.7574386716438463 0.7574430795369159 0.7574830897892186 4.727319345701521E-8 1.206103783330637E-7 5.892854785540589E-8
Papua+AF8-New+AF8-Guinea	7.777918376493496E-7 8.857201822835658E-7 NaN NaN -0.05463539057516958 0.026679468443469852 NaN -0.038629603736069267 0.03348697214726516 NaN Infinity 5.960636351962497E-7
Paraguay	1.0512589429229213E-7 NaN 4.833077638599195E-8 4.25087494817141E-8 0.9138954827692604 0.9137790635052804 0.9138201419338069 0.9136183194953902 0.9138282997323566 3.166260391750918E-8 -Infinity 1.672878736172689E-8
Peru	2.859146468223389E-8 NaN 7.1301285457722E-8 NaN 0.7363871483837033 0.7353012733983147 0.7372404376879951 0.7366899274706797 0.7370114207792061 NaN NaN -Infinity
Philippines	NaN 3.7009791513633176E-9 NaN NaN 0.05280041068758426 0.006177162356849732 NaN 0.09785309560265743 0.07504613642210892 NaN 7.362119995524873E-8 NaN
Poland	2.20288899813289E-8 4.361497696586818E-8 NaN 1.7134455236591068E-8 0.8625062749555334 0.8588800907598885 0.8617658405088107 0.8618374979583674 0.860841385318365 NaN 2.4953670020702002E-8 NaN
Portugal	6.269471368908322E-8 NaN 5.8293274745557724E-8 4.539950920679295E-8 0.407306232984698 0.4083660815149424 0.40758980469244427 0.40766067540985984 0.4075646873763091 8.111266913769776E-8 6.586447354551972E-8 -5.526896773000881E-8
Qatar	NaN 1.851481212449316E-7 NaN -3.2552978104519797E-7 0.1023237612225723 0.010961270024663409 NaN -0.011706528555114747 0.08491602656620101 NaN 5.4652299543484785E-8 9.4280892344957E-8
Romania	NaN NaN NaN 4.40567157953053E-8 0.6964437624430496 0.6958930517917835 0.696481293371065 0.6964753335765536 0.6959172688545076 5.1589528356310354E-8 4.928255365280881E-8 NaN
Russia	1.4541343204528986E-7 NaN 3.1140564378168865E-8 NaN 0.7899980786910296 0.7994802859493108 0.7936659002342119 0.7913895240392107 0.7932264968363298 NaN NaN NaN
Rwanda	NaN NaN NaN -Infinity -0.00504807168405734 -0.0015887971373140083 NaN -0.049842940001453305 0.11946297506853841 5.266203065702048E-8 NaN -4.223481725996651E-8
Saudi+AF8-Arabia	NaN 1.4365533666363163E-7 NaN NaN 0.8559222352052372 0.8560703050115768 0.8559721662660063 0.8560944404650569 0.8557499333590076 NaN NaN NaN
Senegal	NaN 7.839317848893202E-8 7.7800324091924E-8 8.749193804525244E-8 0.03971441120613767 0.0851103281505405 NaN -0.07244734475681931 0.08767632098214465 Infinity 6.086731237779937E-8 7.438215899634706E-8
Serbia	NaN NaN NaN 3.726653214004752E-8 0.8412413724024753 0.8413163210426002 0.8412091132479267 0.8409436016575164 0.8411991959735392 3.770226024112271E-8 Infinity NaN
Seychelles	1.6264553694430936E-8 NaN NaN -Infinity -Infinity -Infinity NaN -Infinity -Infinity NaN NaN NaN
Sierra+AF8-Leone	NaN NaN 3.657898200248573E-7 NaN -0.013083115425006822 -0.016319909573148494 NaN -0.050103789737815346 -0.046734512325790914 NaN NaN 1.5348105421155707E-7
Singapore	-1.201163385336155E-6 -1.2086928196858478E-8 NaN 2.032822772850265E-8 0.07038991657464001 -0.028958746243343384 NaN 0.0496645026134542 0.047271437968502944 1.5972849724000267E-7 -3.7899264724125923E-7 -6.463964441849876E-8
Slovakia	NaN NaN 4.8386166185324576E-8 NaN 0.8296679816531329 0.8297981275084914 0.8297219499249688 0.8295958883203428 0.8297311290227297 2.5076976866227907E-8 NaN 3.830571489671529E-8
Slovenia	2.466855228176881E-8 -Infinity 2.3460250612352467E-8 -4.008165322477197E-8 0.8375073795756701 0.837506724030539 0.837513030486688 0.837517568964401 0.8375156796197302 -Infinity 1.73522502835126E-8 1.841658978827132E-8
South+AF8-Africa	NaN NaN NaN 5.8542084276276746E-8 0.8190815285593951 0.8161355401488788 0.8185893596447315 0.8162609006764594 0.8184271460121575 3.092228706188163E-8 8.971318940102156E-8 NaN
South+AF8-Korea	NaN 6.771952914603232E-8 1.0870878884219166E-7 6.988422139855178E-8 0.002409957148408657 0.011811296364715913 Infinity 0.059934445345558446 -0.1038772161148234 NaN 6.423709049543038E-8 NaN
Spain	7.31585761172356E-8 Infinity 7.290411073366116E-8 1.5813463102405705E-7 0.6413139321130329 0.6387849324020325 0.6413013736299483 0.6401708285458543 0.6397454298409498 NaN NaN NaN
Sri+AF8-Lanka	NaN NaN NaN NaN -0.054139689336719844 -0.05205566444373217 -Infinity -0.030919216884048757 -0.027296196532553968 3.549563584371538E-8 5.8702556946005747E-8 NaN
Sudan	1.1761954766552496E-7 1.202534646261703E-7 NaN NaN 0.10629557024363265 -0.018154435299487032 Infinity 0.017928098707706487 -0.06709840225363412 NaN NaN NaN
Suriname	NaN NaN 1.8897807432316207E-7 7.813590949830503E-8 0.9370645355678455 0.9370548299752173 0.9370645355678463 0.9370645355678493 0.9370645355678487 1.9067181033283838E-8 NaN 1.858208580507518E-8
Sweden	2.0112515429298258E-7 Infinity 4.782649790158815E-8 NaN 0.6684477214784665 0.66938629657065 0.6686550477645221 0.6689103164694119 0.6683845894888261 1.973654741021015E-7 1.1923379697030236E-7 1.1325206722518476E-7
Switzerland	NaN NaN 1.9218708390043476E-8 NaN 0.3916926402807163 0.3914045048324498 0.39139634317709804 0.39051552900278375 0.39129004321709987 6.139097232051858E-8 6.396839764836517E-8 Infinity
Tajikistan	NaN NaN 1.975240151404913E-7 NaN -0.10259841690787706 -0.047185447237736156 NaN 0.05051373981338195 0.13568170082149053 1.5515720178609303E-7 NaN NaN
Tanzania	NaN 3.3824764729922373E-6 NaN -5.823328208396227E-7 -0.07442338125165 0.02956296670936684 NaN -0.05217090389505907 0.019211356124769968 -Infinity 1.1601426512268493E-6 5.763306147606668E-7
Thailand	-8.888919100533386E-8 NaN NaN NaN -0.024566679190953882 0.0212956961462794 -Infinity -0.010279069850229885 -0.022117809754045474 -7.596282337404383E-8 NaN -6.595723136475918E-7
Togo	NaN 4.1779877325810996E-8 NaN NaN -0.0279318509324553 -0.12895756292311344 NaN 0.04687908972266073 -0.09655352457638358 NaN NaN 8.227777686852928E-8
Trinidad+AF8-and+AF8-Tobago	8.092089414447023E-8 NaN NaN 4.53024788442327E-8 -Infinity -0.03989171761851922 NaN 0.018006211906672252 0.01976875577249203 8.35863953325791E-8 8.102459100119397E-8 1.1613646844808229E-7
Tunisia	4.2275108269809336E-8 NaN 2.7223086282561366E-8 2.259497939768489E-8 0.9246068609819096 0.9243068024509283 0.9246442382041604 0.924817273681771 0.9244694270312172 2.083570926550792E-8 NaN NaN
Turkey	NaN NaN NaN NaN 0.8584406388331414 0.8551942743084899 0.8604334138644358 0.8617681400867114 0.861615596923393 NaN 4.8820579720651203E-8 NaN
Uganda	9.192311737100052E-8 NaN 1.2187482112993526E-7 8.638865302899449E-8 -0.049839041227161124 -0.06299704052062194 Infinity -0.16006952059924182 0.046928188061397896 Infinity NaN NaN
Ukraine	1.8393765889738465E-7 4.1930534605844925E-8 NaN 5.621040272090068E-8 0.8692670419823907 0.8670540653164366 0.8700274990047605 0.8694120014270124 0.869533078355424 1.8405666289451724E-8 NaN NaN
United+AF8-Arab+AF8-Emirates	8.647404894621594E-8 Infinity 1.5491093911394768E-7 1.37182592154079E-7 0.09396153620749094 -0.08089262164339009 NaN -0.012550771757468082 0.08262634879450255 NaN NaN NaN
United+AF8-Kingdom	NaN 7.752824188319479E-8 NaN -3.0510602061507713E-7 0.6247902606568495 0.6149198275235729 0.6247085443044763 0.6260977613185849 0.6202435437742372 6.248487163134523E-8 5.025275633660093E-8 NaN
United+AF8-States	NaN 5.63602540235154E-8 NaN NaN 0.5911965252141028 0.5605220515428613 0.5998126048484455 0.5966926902680955 0.6069452248202827 1.241048604521519E-7 NaN 2.5332798558923655E-8
Uruguay	NaN NaN 1.2451125146191458E-8 5.772683735841428E-8 0.016727907515277852 -0.046736098491073734 -Infinity 0.023158572942497006 -0.05457171631002791 -9.242563441972317E-9 6.971177904389869E-8 NaN
Uzbekistan	8.343444572922431E-8 1.1338682489045258E-7 NaN 1.0573768878285085E-7 -0.03495941217550728 0.08498886078570501 Infinity 0.031202589911529348 0.048858409641920175 NaN NaN NaN
Venezuela	NaN -Infinity 2.8210509015889126E-8 3.975638177497907E-8 -0.037509253058759066 0.04831025942813539 -Infinity 0.04870120268117915 0.06862712158646936 NaN NaN 1.2260667881891696E-7
Vietnam	-2.1302082965874093E-6 NaN -8.474712716269172E-7 -6.953610433861884E-7 0.07109308943664032 -0.09728589747745015 -Infinity 0.018853988308119237 0.005998038820953033 -Infinity -8.495030698473564E-8 NaN
Yemen	-5.047361866171087E-9 NaN -1.398190682654548E-7 4.149478120232381E-8 -0.017990434098354893 0.05917549846157268 -Infinity -0.00125869878701472 -0.007054898191452527 -3.5264252319431885E-8 NaN -5.2896378479147825E-8
Zambia	4.277741527454966E-8 9.781320852800055E-8 NaN NaN -0.05101452459695757 0.002927923171660435 NaN 0.0628839071440232 -0.1041296004821909 NaN 6.089980171678543E-8 8.911816012930894E-8
Zimbabwe	8.782158289514764E-8 NaN NaN NaN 8.743875923363836E-4 -0.05439119965544705 NaN 0.040785757141894384 -0.04272695195639587 2.2518354588499398E-9 NaN 3.40044973372681E-8
